9.990000128746032715e-01
9.980744123458862305e-01
9.971809387207031250e-01
9.963007569313049316e-01
9.954245090484619141e-01
9.945472478866577148e-01
9.936658143997192383e-01
9.927780032157897949e-01
9.918817877769470215e-01
9.909749627113342285e-01
9.900551438331604004e-01
9.891195297241210938e-01
9.881650805473327637e-01
9.871888756752014160e-01
9.861885309219360352e-01
9.851624965667724609e-01
9.841105937957763672e-01
9.830340147018432617e-01
9.819352626800537109e-01
9.808179736137390137e-01
9.796865582466125488e-01
9.785459637641906738e-01
9.774011969566345215e-01
9.762570261955261230e-01
9.751178622245788574e-01
9.739875197410583496e-01
9.728692173957824707e-01
9.717656970024108887e-01
9.706793427467346191e-01
9.696121811866760254e-01
9.685661196708679199e-01
9.675431847572326660e-01
9.665455818176269531e-01
9.655757546424865723e-01
9.646364450454711914e-01
9.637308120727539062e-01
9.628622531890869141e-01
9.620346426963806152e-01
9.612517952919006348e-01
9.605170488357543945e-01
9.598324894905090332e-01
9.591986536979675293e-01
9.586145877838134766e-01
9.580782651901245117e-01
9.575870037078857422e-01
9.571378231048583984e-01
9.567276239395141602e-01
9.563534259796142578e-01
9.560123085975646973e-01
9.557015895843505859e-01
9.554186463356018066e-01
9.551610946655273438e-01
9.549267888069152832e-01
9.547136425971984863e-01
9.545198082923889160e-01
9.543436169624328613e-01
9.541834592819213867e-01
9.540379047393798828e-01
9.539056420326232910e-01
9.537854790687561035e-01
9.536763429641723633e-01
9.535772204399108887e-01
9.534872174263000488e-01
9.534054994583129883e-01
9.533312916755676270e-01
9.532639384269714355e-01
9.532028436660766602e-01
9.531473517417907715e-01
9.530969858169555664e-01
9.530513286590576172e-01
9.530099034309387207e-01
9.529722929000854492e-01
9.529381990432739258e-01
9.529072642326354980e-01
9.528791904449462891e-01
9.528537392616271973e-01
9.528306126594543457e-01
9.528096318244934082e-01
9.527906179428100586e-01
9.527733922004699707e-01
9.527577757835388184e-01
9.527435898780822754e-01
9.527307152748107910e-01
9.527190327644348145e-01
9.527084231376647949e-01
9.526988267898559570e-01
9.526901245117187500e-01
9.526821970939636230e-01
9.526750445365905762e-01
9.526685476303100586e-01
9.526626467704772949e-01
9.526572823524475098e-01
9.526523947715759277e-01
9.526479840278625488e-01
9.526439309120178223e-01
9.526402950286865234e-01
9.526369571685791016e-01
9.526339173316955566e-01
9.526311755180358887e-01
9.526286721229553223e-01
