1.263061523437500000e+04 1.504609765625000000e+04 1.501514257812500000e+04 3.187305331230163574e-01 1.778297343750000000e+05
1.261307519531250000e+04 1.502549218750000000e+04 1.499863671875000000e+04 8.892316222190856934e-01 1.776293906250000000e+05
1.259544335937500000e+04 1.500424218750000000e+04 1.498147363281250000e+04 1.852030992507934570e+00 1.774236875000000000e+05
1.257774121093750000e+04 1.498221777343750000e+04 1.496345605468750000e+04 3.323902606964111328e+00 1.772111406250000000e+05
1.255988281250000000e+04 1.495926953125000000e+04 1.494439648437500000e+04 5.471252441406250000e+00 1.769904687500000000e+05
1.254167187500000000e+04 1.493527441406250000e+04 1.492415332031250000e+04 8.524933815002441406e+00 1.767610937500000000e+05
1.252296582031250000e+04 1.491015625000000000e+04 1.490261718750000000e+04 1.279056549072265625e+01 1.765232500000000000e+05
1.250375878906250000e+04 1.488386914062500000e+04 1.487971386718750000e+04 1.864332008361816406e+01 1.762779843750000000e+05
1.248419140625000000e+04 1.485639746093750000e+04 1.485539160156250000e+04 2.650241851806640625e+01 1.760270312500000000e+05
1.246455664062500000e+04 1.482777343750000000e+04 1.482964648437500000e+04 3.675469207763671875e+01 1.757725781250000000e+05
1.244530078125000000e+04 1.479806054687500000e+04 1.480251171875000000e+04 4.962579727172851562e+01 1.755166093750000000e+05
1.242700683593750000e+04 1.476738671875000000e+04 1.477409277343750000e+04 6.499384307861328125e+01 1.752602812500000000e+05
1.241037890625000000e+04 1.473592089843750000e+04 1.474455078125000000e+04 8.219441223144531250e+01 1.750027812500000000e+05
1.239613085937500000e+04 1.470385449218750000e+04 1.471408300781250000e+04 9.995883941650390625e+01 1.747406093750000000e+05
1.238484472656250000e+04 1.467134277343750000e+04 1.468288964843750000e+04 1.166312713623046875e+02 1.744682343750000000e+05
1.237684082031250000e+04 1.463849023437500000e+04 1.465112207031250000e+04 1.306010589599609375e+02 1.741795625000000000e+05
1.237218554687500000e+04 1.460533398437500000e+04 1.461887695312500000e+04 1.406924896240234375e+02 1.738697500000000000e+05
1.237074218750000000e+04 1.457186230468750000e+04 1.458619824218750000e+04 1.463786773681640625e+02 1.735364843750000000e+05
1.237211523437500000e+04 1.453802636718750000e+04 1.455307324218750000e+04 1.478016204833984375e+02 1.731798750000000000e+05
1.237558203125000000e+04 1.450374804687500000e+04 1.451942871093750000e+04 1.456260681152343750e+02 1.728017500000000000e+05
1.238004687500000000e+04 1.446892382812500000e+04 1.448512988281250000e+04 1.407908935546875000e+02 1.724042187500000000e+05
1.238415234375000000e+04 1.443339355468750000e+04 1.444996484375000000e+04 1.342720489501953125e+02 1.719885625000000000e+05
1.238638574218750000e+04 1.439692578125000000e+04 1.441365625000000000e+04 1.269304885864257812e+02 1.715545312500000000e+05
1.238523437500000000e+04 1.435920996093750000e+04 1.437585937500000000e+04 1.194258270263671875e+02 1.711001718750000000e+05
1.237930175781250000e+04 1.431989355468750000e+04 1.433621484375000000e+04 1.121876144409179688e+02 1.706222812500000000e+05
1.236739257812500000e+04 1.427864355468750000e+04 1.429439355468750000e+04 1.054379653930664062e+02 1.701171562500000000e+05
1.234854101562500000e+04 1.423519824218750000e+04 1.425013476562500000e+04 9.924179840087890625e+01 1.695812968750000000e+05
1.232201074218750000e+04 1.418941503906250000e+04 1.420328027343750000e+04 9.355652618408203125e+01 1.690120000000000000e+05
1.228732617187500000e+04 1.414128710937500000e+04 1.415378222656250000e+04 8.826905059814453125e+01 1.684077812500000000e+05
1.224431933593750000e+04 1.409095507812500000e+04 1.410173144531250000e+04 8.322208404541015625e+01 1.677687031250000000e+05
1.219319921875000000e+04 1.403870703125000000e+04 1.404736523437500000e+04 7.823572540283203125e+01 1.670967343750000000e+05
1.213462500000000000e+04 1.398496777343750000e+04 1.399106835937500000e+04 7.312943267822265625e+01 1.663959218750000000e+05
1.206972265625000000e+04 1.393027148437500000e+04 1.393337402343750000e+04 6.774663543701171875e+01 1.656724687500000000e+05
1.200004492187500000e+04 1.387521289062500000e+04 1.387493554687500000e+04 6.197679138183593750e+01 1.649345000000000000e+05
1.192746679687500000e+04 1.382041601562500000e+04 1.381649316406250000e+04 5.576275634765625000e+01 1.641916406250000000e+05
1.185402734375000000e+04 1.376647460937500000e+04 1.375881640625000000e+04 4.908369827270507812e+01 1.634540781250000000e+05
1.178176757812500000e+04 1.371393847656250000e+04 1.370265917968750000e+04 4.193939590454101562e+01 1.627320000000000000e+05
1.171257910156250000e+04 1.366328710937500000e+04 1.364868847656250000e+04 3.440939331054687500e+01 1.620348125000000000e+05
1.164802734375000000e+04 1.361491894531250000e+04 1.359743066406250000e+04 2.680360603332519531e+01 1.613712812500000000e+05
1.158918457031250000e+04 1.356911718750000000e+04 1.354923046875000000e+04 1.971547889709472656e+01 1.607491875000000000e+05
1.153654003906250000e+04 1.352603320312500000e+04 1.350424023437500000e+04 1.377557563781738281e+01 1.601738593750000000e+05
1.149003027343750000e+04 1.348569824218750000e+04 1.346244824218750000e+04 9.296612739562988281e+00 1.596466875000000000e+05
1.144919726562500000e+04 1.344804003906250000e+04 1.342372949218750000e+04 6.185716629028320312e+00 1.591654687500000000e+05
1.141338867187500000e+04 1.341292773437500000e+04 1.338788867187500000e+04 4.129991531372070312e+00 1.587258593750000000e+05
1.138189648437500000e+04 1.338019824218750000e+04 1.335470117187500000e+04 2.799188613891601562e+00 1.583231093750000000e+05
1.135405175781250000e+04 1.334967187500000000e+04 1.332392773437500000e+04 1.937483191490173340e+00 1.579526875000000000e+05
1.132925488281250000e+04 1.332116601562500000e+04 1.329533398437500000e+04 1.372443318367004395e+00 1.576106250000000000e+05
1.130698925781250000e+04 1.329450488281250000e+04 1.326869628906250000e+04 9.948898553848266602e-01 1.572934375000000000e+05
1.128682324218750000e+04 1.326951171875000000e+04 1.324380175781250000e+04 7.371965646743774414e-01 1.569980312500000000e+05
1.126839355468750000e+04 1.324601953125000000e+04 1.322045800781250000e+04 5.574849843978881836e-01 1.567217812500000000e+05
1.125141406250000000e+04 1.322387304687500000e+04 1.319848925781250000e+04 4.295290708541870117e-01 1.564623281250000000e+05
1.123563964843750000e+04 1.320292773437500000e+04 1.317773730468750000e+04 3.366304039955139160e-01 1.562176250000000000e+05
1.122087695312500000e+04 1.318305468750000000e+04 1.315806250000000000e+04 2.679550349712371826e-01 1.559858906250000000e+05
1.120696875000000000e+04 1.316412890625000000e+04 1.313933789062500000e+04 2.163361310958862305e-01 1.557655625000000000e+05
1.119378613281250000e+04 1.314605175781250000e+04 1.312145312500000000e+04 1.769421696662902832e-01 1.555552500000000000e+05
1.118122265625000000e+04 1.312872070312500000e+04 1.310431152343750000e+04 1.464563757181167603e-01 1.553537968750000000e+05
1.116919238281250000e+04 1.311205664062500000e+04 1.308782519531250000e+04 1.225623115897178650e-01 1.551601093750000000e+05
1.115761914062500000e+04 1.309598046875000000e+04 1.307192578125000000e+04 1.036158353090286255e-01 1.549733750000000000e+05
1.114644824218750000e+04 1.308042968750000000e+04 1.305654101562500000e+04 8.843193948268890381e-02 1.547927187500000000e+05
1.113562792968750000e+04 1.306534570312500000e+04 1.304161621093750000e+04 7.614443451166152954e-02 1.546175156250000000e+05
1.112511328125000000e+04 1.305067871093750000e+04 1.302710058593750000e+04 6.611146777868270874e-02 1.544471250000000000e+05
1.111487109375000000e+04 1.303638281250000000e+04 1.301295214843750000e+04 5.785153806209564209e-02 1.542810625000000000e+05
1.110487109375000000e+04 1.302242285156250000e+04 1.299913476562500000e+04 5.099919810891151428e-02 1.541188906250000000e+05
1.109508984375000000e+04 1.300876367187500000e+04 1.298561132812500000e+04 4.527401924133300781e-02 1.539601875000000000e+05
1.108549902343750000e+04 1.299537500000000000e+04 1.297235546875000000e+04 4.045872017741203308e-02 1.538046250000000000e+05
1.107608496093750000e+04 1.298223339843750000e+04 1.295934082031250000e+04 3.638331592082977295e-02 1.536519062500000000e+05
1.106683007812500000e+04 1.296931445312500000e+04 1.294654687500000000e+04 3.291374444961547852e-02 1.535017812500000000e+05
1.105771972656250000e+04 1.295660058593750000e+04 1.293395214843750000e+04 2.994341030716896057e-02 1.533540000000000000e+05
1.104874218750000000e+04 1.294407226562500000e+04 1.292154199218750000e+04 2.738692797720432281e-02 1.532083750000000000e+05
1.103988574218750000e+04 1.293171484375000000e+04 1.290930273437500000e+04 2.517545782029628754e-02 1.530647500000000000e+05
1.103114160156250000e+04 1.291951660156250000e+04 1.289721777343750000e+04 2.325315587222576141e-02 1.529229531250000000e+05
1.102250195312500000e+04 1.290746289062500000e+04 1.288527636718750000e+04 2.157441899180412292e-02 1.527828437500000000e+05
1.101395898437500000e+04 1.289554687500000000e+04 1.287347070312500000e+04 2.010181359946727753e-02 1.526443125000000000e+05
1.100550781250000000e+04 1.288375781250000000e+04 1.286178906250000000e+04 1.880447007715702057e-02 1.525072500000000000e+05
1.099714062500000000e+04 1.287208789062500000e+04 1.285022460937500000e+04 1.765678077936172485e-02 1.523715625000000000e+05
1.098885253906250000e+04 1.286052929687500000e+04 1.283876953125000000e+04 1.663739606738090515e-02 1.522371562500000000e+05
1.098064160156250000e+04 1.284907519531250000e+04 1.282742089843750000e+04 1.572845689952373505e-02 1.521040000000000000e+05
1.097250000000000000e+04 1.283771875000000000e+04 1.281616796875000000e+04 1.491495035588741302e-02 1.519719687500000000e+05
1.096442578125000000e+04 1.282645605468750000e+04 1.280500683593750000e+04 1.418420206755399704e-02 1.518410312500000000e+05
1.095641601562500000e+04 1.281528320312500000e+04 1.279393164062500000e+04 1.352547202259302139e-02 1.517110781250000000e+05
1.094846679687500000e+04 1.280419335937500000e+04 1.278294042968750000e+04 1.292961649596691132e-02 1.515821250000000000e+05
1.094057421875000000e+04 1.279318359375000000e+04 1.277202832031250000e+04 1.238883100450038910e-02 1.514540937500000000e+05
1.093273925781250000e+04 1.278225000000000000e+04 1.276119335937500000e+04 1.189642120152711868e-02 1.513269843750000000e+05
1.092495605468750000e+04 1.277138867187500000e+04 1.275042871093750000e+04 1.144664362072944641e-02 1.512006875000000000e+05
1.091722460937500000e+04 1.276059765625000000e+04 1.273973437500000000e+04 1.103453431278467178e-02 1.510752187500000000e+05
1.090954199218750000e+04 1.274987304687500000e+04 1.272910546875000000e+04 1.065579243004322052e-02 1.509505156250000000e+05
1.090190527343750000e+04 1.273921484375000000e+04 1.271854003906250000e+04 1.030670665204524994e-02 1.508265625000000000e+05
1.089431445312500000e+04 1.272861718750000000e+04 1.270803710937500000e+04 9.984016418457031250e-03 1.507033593750000000e+05
1.088676660156250000e+04 1.271807714843750000e+04 1.269759179687500000e+04 9.684900753200054169e-03 1.505808125000000000e+05
1.087926171875000000e+04 1.270759765625000000e+04 1.268720312500000000e+04 9.406875818967819214e-03 1.504589375000000000e+05
1.087179785156250000e+04 1.269717187500000000e+04 1.267686914062500000e+04 9.147774428129196167e-03 1.503377031250000000e+05
1.086437304687500000e+04 1.268679882812500000e+04 1.266658886718750000e+04 8.905678056180477142e-03 1.502171093750000000e+05
1.085698535156250000e+04 1.267647851562500000e+04 1.265635937500000000e+04 8.678907528519630432e-03 1.500970937500000000e+05
1.084963574218750000e+04 1.266620898437500000e+04 1.264617968750000000e+04 8.465971797704696655e-03 1.499776875000000000e+05
1.084232226562500000e+04 1.265598632812500000e+04 1.263604687500000000e+04 8.265553973615169525e-03 1.498588125000000000e+05
1.083504394531250000e+04 1.264581152343750000e+04 1.262596191406250000e+04 8.076484315097332001e-03 1.497405156250000000e+05
1.082779980468750000e+04 1.263568164062500000e+04 1.261592187500000000e+04 7.897725328803062439e-03 1.496227343750000000e+05
1.082058496093750000e+04 1.262559472656250000e+04 1.260592382812500000e+04 7.728358265012502670e-03 1.495054531250000000e+05
1.081340429687500000e+04 1.261555371093750000e+04 1.259596972656250000e+04 7.567553315311670303e-03 1.493886875000000000e+05
1.080625585937500000e+04 1.260555175781250000e+04 1.258605761718750000e+04 7.414572406560182571e-03 1.492724218750000000e+05
